image_width: 1280
image_height: 960
camera_name: narrow_stereo
camera_matrix:
  rows: 3
  cols: 3
  data: [1147.85112,    0.     ,  648.74364,
            0.     , 1151.71622,  508.09232,
            0.     ,    0.     ,    1.     ]
distortion_model: plumb_bob
distortion_coefficients:
  rows: 1
  cols: 5
  data: [0.452984, -0.978625, 0.016126, -0.003803, 0.000000]
rectification_matrix:
  rows: 3
  cols: 3
  data: [1., 0., 0.,
         0., 1., 0.,
         0., 0., 1.]
projection_matrix:
  rows: 3
  cols: 4
  data: [1206.54578,    0.     ,  644.86758,    0.     ,
            0.     , 1210.42859,  517.81439,    0.     ,
            0.     ,    0.     ,    1.     ,    0.     ]
